1 0.5736666666666667 0.163515625 0.058833333333333356 0.033890624999999994
1 0.85 0.32584375 0.07354166666666657 0.043343750000000014
15 0.8631458333333334 0.21789062499999998 0.09770833333333329 0.044921875
15 0.805875 0.26240625 0.09877083333333327 0.036249999999999984
15 0.4996041666666667 0.22537500000000002 0.08720833333333336 0.039406250000000045
15 0.6314583333333333 0.32820312500000004 0.11137500000000007 0.05121874999999996
16 0.44916666666666666 0.27934375 0.07670833333333332 0.05753124999999999
11 0.7565000000000001 0.40818750000000004 0.11137500000000007 0.07092187499999998
6 0.54425 0.3900625 0.056729166666666705 0.039406250000000045
0 0.41660416666666666 0.331359375 0.09141666666666666 0.05753124999999999
0 0.40818750000000004 0.55634375 0.10822916666666664 0.07565624999999994
2 0.34304166666666663 0.389671875 0.11031249999999998 0.04806249999999999
8 0.5899583333333334 0.628046875 0.12293749999999998 0.08510937500000004
13 0.7212916666666668 0.71315625 0.07460416666666655 0.05831250000000008
5 0.3829791666666667 0.6568125 0.059895833333333336 0.046499999999999986
3 0.26739583333333333 0.46571875 0.0409791666666667 0.042546875000000026
7 0.21222916666666666 0.55396875 0.05254166666666667 0.039406250000000045
12 0.45075000000000004 0.4755625 0.04412500000000001 0.032312499999999925
10 0.5841875000000001 0.49959375 0.09666666666666662 0.09456249999999997
9 0.7717291666666667 0.5248125 0.08510416666666672 0.08982812500000001
4 0.6377708333333333 0.24153125000000003 0.07354166666666657 0.04806249999999999