15 0.2788653255033403 0.2117590368534724 0.07000070115232997 0.08710126291777778
15 0.40236901777044687 0.20220415852871554 0.05946279686800272 0.08379442496187506
15 0.30908968997929365 0.32002613174322936 0.07178094044151209 0.07932513050895836
15 0.4907657745219302 0.5488258918112155 0.09813684806888243 0.06104790919430556
0 0.6165025942636208 0.3285153514423615 0.059341559250342374 0.08066942496187508
0 0.6574101473554919 0.6048239315144797 0.07993241734835456 0.07478310087368065
14 0.42691788246586976 0.6203183788934378 0.10746237617660484 0.03310474715020835
3 0.47224221861463117 0.44700881867295167 0.04680323427461725 0.025800087005972295
2 0.5542499537250092 0.4679584047289934 0.10770485141192575 0.03935474715020835
1 0.6695910221687206 0.48948987224392404 0.06640189759824058 0.04800239532659738
1 0.4940659938415287 0.20458558254066003 0.06437918307373754 0.049528527735416716
6 0.5993764023046599 0.18222157969086844 0.049492755696253 0.04146145459715278
12 0.6418199665695672 0.22980574771888929 0.03865175736777455 0.030342116641249993
8 0.5409681719007012 0.2865993019554517 0.0654703216326818 0.07765352773541671
16 0.4484002386728909 0.3154315103523267 0.07522018140221576 0.060647865691319504
11 0.484916059469812 0.3980446418112156 0.09218994211303363 0.06875130642076392
13 0.37400329541595073 0.4101614756830558 0.06211399331391346 0.04480466014423605
7 0.6129692937444291 0.4252630648732295 0.04293966165210179 0.03353985182361115
5 0.6877317027351756 0.5546063791777782 0.047166947127598745 0.03517508700597229
9 0.3145453827740154 0.4606511317432293 0.09973523093157392 0.04858427678548623
4 0.3149362736861694 0.5512215803564585 0.07301561045122208 0.05748649810013902
10 0.5384671440124486 0.6246077950215975 0.07428860543665702 0.09029899810013901