14 0.3917994353984309 0.10625 0.11181832654882319 0.0796875
0 0.30712047263616965 0.20625 0.13232411126163748 0.075
0 0.5780348612974648 0.66953125 0.08276084275566285 0.08125
11 0.6147853083044654 0.79296875 0.0953700256291692 0.0828125
8 0.6548216515887745 0.5609375 0.09735303482570903 0.0515625
15 0.8553764246930192 0.5390625 0.08869215287185668 0.046875
15 0.8410734682636892 0.334375 0.05798806723938839 0.0546875
15 0.7617563153918324 0.2875 0.058097250112894724 0.05625
16 0.7703360296987928 0.38046875 0.07476391677956139 0.05625
1 0.8387067676744715 0.7328125 0.05316630333168367 0.0453125
1 0.5778091881491448 0.3234375 0.06193636815904237 0.0515625
10 0.4879071649320055 0.2890625 0.11554826172146448 0.0734375
5 0.3742341685500501 0.36171875 0.06117208804449798 0.040625
3 0.6736292333774088 0.36796875 0.0376003241367935 0.03125
12 0.7591933958973844 0.60859375 0.03540780792995382 0.0296875
6 0.7470578184812308 0.6734375 0.055249636665017005 0.0453125
2 0.4314106716394484 0.74765625 0.07617443539843076 0.10625
13 0.4127595567597663 0.6 0.07235303482570904 0.0515625
7 0.5442043366485211 0.4984375 0.050537055630818804 0.0375
9 0.6364376255080264 0.253125 0.07114316448042643 0.0640625
15 0.5361823857976865 0.18984375 0.055349960801810504 0.0765625
4 0.6745101160856969 0.171875 0.07037888436588229 0.053125