1 0.32768639007639316 0.08336029737732358 0.09463698829934847 0.0801655348257091
1 0.778283184128968 0.3230724140673811 0.11571279686800295 0.08723440637700666
15 0.7650540055421803 0.08964243837764056 0.16296265663753692 0.07193031094499092
15 0.696804987155442 0.21282098880718187 0.15885660877970054 0.07332903663473136
15 0.2804717239373417 0.23779216983313223 0.14188684806888255 0.06486143939369331
15 0.5001358902958628 0.3872112364323327 0.15677327544636707 0.07324714947960169
11 0.6828790666835137 0.472356441091174 0.15418269780928665 0.1137083751693421
6 0.4357807539360553 0.5031947625516145 0.08337165830905846 0.057881099050060315
16 0.2622227055506036 0.3590054285395595 0.12196279686800283 0.08748006784239584
0 0.2676703827740154 0.4456422913844298 0.14004598997087012 0.07102955223856355
0 0.3858431256257104 0.7218938528952477 0.1423111797306942 0.07579893939369349
12 0.3871415457894932 0.6209078850074231 0.06842461212274363 0.047932888964152195
10 0.5295962569709529 0.6356520584586001 0.1480539354269472 0.116587713703953
9 0.7320736125616828 0.637865254411014 0.1293039354269472 0.11585072930778502
8 0.5817754027435991 0.7705283474681807 0.159523415676833 0.09051653663473154
13 0.7242381294963689 0.8392606580744874 0.10052327544636697 0.07103619629109836
5 0.4144499447511098 0.8138799570336905 0.07075042069139788 0.05426477611928178
7 0.21555536157184924 0.7426710996158873 0.06658375402473134 0.05410100180902226
3 0.21369847233121686 0.6410267124607575 0.05794732664724679 0.04596095318850324
4 0.46457393929760565 0.22351390660414924 0.11160674901016635 0.08863313206674713
2 0.2339893677303206 0.5455537601767653 0.1354549916423918 0.05992827792830404