1 0.41724502562916915 0.08819902394269215 0.08298806723938838 0.055723894480112925
1 0.7624158420012269 0.2917542666357962 0.08934725011289472 0.05736821509696401
15 0.7327386959138804 0.16491903124629279 0.1077697014923757 0.05292617694751698
15 0.6967583974062561 0.21596333400623635 0.11380133574536302 0.04988299756436802
15 0.559122638322611 0.3015814598186629 0.1375914654000804 0.06268300649282174
15 0.36656335217799224 0.16715013839103296 0.12257140057272171 0.05624209172016936
4 0.5233002457404142 0.1910570170428333 0.09197649781375977 0.06520798863591426
16 0.3375929044165559 0.24404387499835237 0.10732411126163749 0.07633640340856669
0 0.32688113372434097 0.31415182345622483 0.1469074445949708 0.07685460064862308
0 0.43704986808197516 0.5950257224005646 0.16598499321548985 0.08178756249917604
11 0.7149639220551999 0.38713890462308737 0.1267292085026753 0.08595686525911975
9 0.7729844338895592 0.5174673327884204 0.13001355344457863 0.10317163879807012
6 0.5044380725150269 0.38282177718910304 0.07454555103254872 0.05405230032431154
3 0.2787195251005228 0.399380211443516 0.1585339816069201 0.06451824188232518
3 0.22879770239553382 0.5040989391223816 0.06401970149237571 0.05235343262956001
3 0.6510149781375977 0.6485615998345489 0.1746458751693422 0.08658415665497757
12 0.43921879843055694 0.49202345332584113 0.06358296999835034 0.04610343262955983
7 0.7994598416983701 0.7176309740221224 0.09241322930778513 0.07145798863591431
7 0.2113268912991145 0.6264142698855023 0.07476391677956139 0.05717730032431163
10 0.5923393690622004 0.508858171669216 0.1553411020650975 0.10818642126547413
5 0.4641523579052098 0.7148024342511177 0.07465473390605505 0.05561480032431163