1 0.5178373301836631 0.17497341406762593 0.06640212341102855 0.04103617688202617
1 0.8281151315113855 0.31551879551200707 0.08357805129944988 0.05248301285158128
15 0.8158036042302802 0.20748346102532672 0.10671297277543985 0.05787084980971953
15 0.7691733221963967 0.2559872866147585 0.10634921475990093 0.05005834980971961
15 0.4595800673870733 0.24184523767989136 0.09600529969634207 0.05130251482874763
15 0.6126488662959978 0.3346786779077903 0.12374339745764568 0.06619268577927465
16 0.42168325250361605 0.29919748125410073 0.09055556733052797 0.06829901384016442
11 0.7542461002931923 0.40453753315471735 0.12669975002827272 0.08500635277546915
6 0.5409226884358491 0.4026991660447923 0.0646097964901264 0.047222509885831696
0 0.40235455861238933 0.3532164777940596 0.10521165226696899 0.07030718281352515
0 0.44612774699169305 0.57845389973317 0.1248346715042627 0.08963018577927465
2 0.34291012594291725 0.4169314679082278 0.12151456091809673 0.0630040187830804
8 0.6412368832275841 0.6359055968811511 0.14201059939268415 0.10107702174882985
13 0.7903804145023227 0.7114560366147585 0.08847223399719463 0.06823534684397004
5 0.4446066011937006 0.6798253987445866 0.07115080290255757 0.05366351087441501
3 0.2863856700425183 0.49867887501859054 0.05009921475990093 0.04833934091247105
7 0.25217272376076616 0.5904697855889942 0.060370378220351975 0.04553267589344294
12 0.4692824937572048 0.49490657068369703 0.05167328687147948 0.03746550790866543
10 0.606177336709185 0.5084517589344296 0.11730160580511513 0.10656301779449713
9 0.7970569673200623 0.5197460390862164 0.10458335099579183 0.10149351581733086
4 0.5992361523235145 0.24767342642491558 0.08379630610877319 0.05717051285158128