2 0.2197501441225003 0.26257289317779786 0.09312137031388895 0.04887542069139794
11 0.14002932484643563 0.38079770744270514 0.09152293819629637 0.06445495658477522
0 0.27803760017578744 0.36058684435229676 0.0975789777100001 0.058341348904643375
0 0.7236734892341207 0.21014159732179766 0.054265388804166766 0.07144910266556703
14 0.8461554867009725 0.2606296791376822 0.06443960486296305 0.06386392319868044
10 0.6674503471364356 0.31299982436054413 0.07311236904731497 0.07498327962517112
15 0.7948739822679635 0.3547804959098719 0.0948167826746295 0.03642088479802066
15 0.6952203806963896 0.6368321294542513 0.09331533080018535 0.05512542069139794
15 0.40188167578259326 0.6229073364347381 0.06676538880416677 0.07172188730530316
15 0.7405913159804173 0.5537552050019297 0.08488501722370383 0.05181856426490725
1 0.6496467754543059 0.37749423337345955 0.05964256661583344 0.0434604949854351
1 0.15144439374125065 0.5806840471761484 0.05964256661583338 0.04346049498543501
8 0.3852097834328709 0.42157215696785144 0.0687517418943519 0.06864235141192583
6 0.243472123478195 0.4895529303248164 0.04888646909814819 0.0322956744523216
12 0.320362367272408 0.5152372404330885 0.038324332066759344 0.027380853919208192
3 0.6115917518977321 0.46119328345260185 0.04239401849027781 0.024346782132453625
9 0.7430833315584263 0.43252506268206153 0.08939111474138883 0.06284699247815269
4 0.8672849864468061 0.4712489303913234 0.07446835055703692 0.05159124373179384
7 0.45250420883847264 0.33958035939599157 0.03628948885499999 0.028897889812585655
5 0.5807963114224539 0.2414036206787627 0.04680313576481486 0.03225021034569897
13 0.35606300709111144 0.25490749419401226 0.044865272796203705 0.036892246239076346
16 0.614161728341158 0.544005783452602 0.07863501722370382 0.0516821719450391