15 0.33315119432220813 0.0933090164331595 0.10338848354840119 0.14073540919430563
15 0.5023716304186169 0.12001437395635384 0.07911358762958744 0.1153353656913195
15 0.330383475590161 0.2783379798640276 0.11053336628610579 0.11900587955902786
15 0.4924290374670112 0.6478120656357289 0.1328169077818117 0.0694422906531944
12 0.7404340454252513 0.22044686578822867 0.04787067721155391 0.038300087005972296
0 0.6975241231442196 0.33983329863388845 0.06793291700858811 0.10109102773541671
0 0.6606962410159957 0.7112179893633328 0.10301002636221786 0.09545927678548623
14 0.39152533916568294 0.7619667910344441 0.15573357444847838 0.06984233415618064
10 0.5293648964787196 0.7533165300165274 0.09679892623536439 0.13437630642076392
1 0.7055161731828591 0.5566753065176732 0.07622735046877503 0.062210365691319505
1 0.606838954525174 0.15097212680614544 0.0914049090999228 0.07340243882958339
11 0.5328205454004639 0.42153985315479137 0.1282646943469956 0.10058318787965281
9 0.2886107436770048 0.5108783761405553 0.17074135442310778 0.07790940729444458
4 0.2522514788358635 0.6629318386214929 0.1304329170085881 0.10218205547083344
13 0.3897726547540939 0.43028103315065946 0.08689868512021921 0.0670797036472223
3 0.5017898583030783 0.4946688818401386 0.060285787883294736 0.03695579255305557
2 0.5977965150839133 0.5281158550546523 0.1275466798477756 0.04905705547083343
8 0.633296252269513 0.27695274534725656 0.09135891964480981 0.11086607123840286
6 0.7182972878585073 0.14902646067798564 0.07172112648907168 0.055887630508958355
16 0.5250708029919954 0.29601317629305524 0.12767046904918117 0.08964568787965285
7 0.6626504215476141 0.464543011114826 0.05845712253473891 0.04160692496187508
5 0.6978920387851221 0.639542357904444 0.06088001318110893 0.047893292553055564