0 0.45069910822687714 0.20766123866847455 0.12239701623315279 0.07088018577927473
0 0.7216937169942735 0.34337719866803706 0.14958944372228752 0.07639535672980173
14 0.11068811743108263 0.753134270265955 0.06837580844088796 0.07547484387822045
9 0.49826611905483725 0.8064144150562091 0.10671219696869845 0.11255834980971961
8 0.328183534639367 0.8137255548663662 0.10737730627661411 0.051684516805913815
15 0.3916601098550255 0.7288849812541007 0.0687030909082921 0.08953734387822046
15 0.6821396509806237 0.7440165272232184 0.10718493831050419 0.1328708498097196
15 0.856429998380639 0.4663292204168668 0.10700311471750203 0.1250583498097196
15 0.35759130357621466 0.5355196418245045 0.10145458874401807 0.06555601581733086
11 0.2843420822555901 0.5027907134596036 0.08303187121142225 0.07904551285158128
2 0.5821051114743864 0.2945484264249156 0.1397546125532282 0.10107702174882985
4 0.3281619053058762 0.321969136387297 0.07835609848434923 0.05704317885919252
3 0.3693247380986903 0.389680559809282 0.04666972186114376 0.037338173916276675
7 0.4673088620160042 0.3449848251323212 0.052956086579744266 0.039091674904859805
16 0.6841004393981334 0.4806079432308296 0.12714551839742683 0.0960075197716634
12 0.574101966995372 0.4592648424325268 0.061543972943280775 0.05028384288963732
6 0.5113345037924223 0.5136366660447923 0.06998640043241551 0.05522601087441501
13 0.5882647402651612 0.6121497619001792 0.06793943181768232 0.05672484387822045
5 0.3752919989233552 0.6259682282883512 0.059351545454146046 0.04553267589344294
1 0.30821241017933704 0.6864627179082279 0.06589246320294961 0.05822367688202625
1 0.7889298495730768 0.6792629605310351 0.11669248701215953 0.0941266847906915
10 0.4319027397224449 0.433028653193211 0.10788641233702047 0.073559516805914