15 0.2506727650718053 0.22114412403000733 0.07354878014148157 0.0896646778706093
15 0.37509175456009236 0.21008856030357367 0.06298664311009267 0.08465884288963735
15 0.2786011917439811 0.32913037897292324 0.0753896628669445 0.08191584486680377
15 0.4550731728745827 0.5558268246380298 0.09980778140805562 0.06392984882113631
0 0.586062573836157 0.33305251091159593 0.06080632953361136 0.08147017589344294
0 0.620236645772453 0.609357684333581 0.08149419250222252 0.0774193458553869
14 0.38922822543314745 0.6281037312541008 0.10731678267462973 0.037622016805913816
3 0.438433364110231 0.4536594881741829 0.046657665400092675 0.027963173916276673
2 0.5201673943787958 0.47414308452386145 0.1074622530393519 0.04230951680591381
1 0.6352832481022681 0.49408285281265013 0.06608652710212984 0.05041117688202608
1 0.46680691134833313 0.21132740813612685 0.06613501722370382 0.0519736768820261
6 0.5717979100817592 0.18794825794584644 0.049177409827592555 0.042089340912471004
12 0.6141416965561108 0.23459776486592868 0.04050464564324064 0.03089717292769345
8 0.5112089151480552 0.2924474155505007 0.06909117274537048 0.08016234387822055
16 0.41748228926166636 0.32242673421985024 0.07689111474138895 0.06322951186299815
11 0.45350246960648105 0.40485457364944655 0.093800232015926 0.07155134783255317
13 0.34151074493583283 0.4186358893530466 0.0639062135256483 0.047222509885831696
7 0.5799069412377773 0.4306132604173044 0.04476829255305574 0.03414950692008212
5 0.6520209080569439 0.5594996057783996 0.04694860612953704 0.037338173916276675
9 0.28048708080231427 0.46994637996150634 0.09941986043546305 0.051429848821136305
4 0.27874056547847165 0.5598219634596037 0.07471080116490741 0.060040844866803764
10 0.5017282254331474 0.631541749048598 0.07781242705129637 0.09291701186299797