15 0.30464419234504186 0.09676361756703566 0.0948853715585494 0.13861151384016446
15 0.47632996375195025 0.11413550688290117 0.07061047563973576 0.11291117688202616
15 0.31437647361299464 0.28131503110318895 0.10411358762958743 0.1170548488211364
15 0.5028881487978075 0.6397920814837498 0.12839557313036754 0.0663200197716634
12 0.7211517147281399 0.2018079673395742 0.04361912121662783 0.03721083992388783
0 0.6875319031188489 0.32294813829010127 0.061598027680328946 0.10015650889724856
0 0.6767881323214212 0.6929741368072266 0.09659024770569952 0.09342634783255335
14 0.41014800517329414 0.7580592618258171 0.15331068380210838 0.06552152372599629
10 0.548284675135238 0.7421384900769873 0.0882958142455126 0.13217051285158127
1 0.7101921758190809 0.5375226328528939 0.07189090514559003 0.05991351087441501
1 0.5841769558432849 0.1389179895826956 0.08706846377673756 0.07129667984777566
11 0.5277395460595193 0.41206632950658345 0.12176002636221799 0.09731535178688588
9 0.29026963036904213 0.5144776995822581 0.16623513044340427 0.07371602570316256
4 0.264284587530438 0.6673626190499105 0.12392824902381054 0.09894151878308044
13 0.3853937647667792 0.428895685247802 0.08256223979703421 0.0649193458553869
3 0.5018747476313375 0.4861723329666246 0.058032675893442943 0.03453150889724856
2 0.6012186277328204 0.5143344836511966 0.125208678529665 0.045943852775469196
8 0.6190100315850869 0.2634258996588078 0.08493914098829146 0.1086693458553869
6 0.6948058458305996 0.13163738878439285 0.06738468116588668 0.053536176882026165
16 0.5115715809894582 0.2885479164647218 0.12125069039266284 0.08794035178688589
7 0.6609915348555767 0.447771724753948 0.05628889987314641 0.04071784190105419
5 0.7088180414213439 0.6202396323586022 0.05871179051951643 0.04703150889724857