1 0.5389809496767869 0.15778821145975958 0.06337275324641094 0.03777271077238851
1 0.826169483769044 0.3041763563681529 0.07817427489134682 0.047211343285945874
15 0.8318218317117755 0.19556897082953348 0.10324700432854783 0.050445427594901296
15 0.7775877077944616 0.24345702498606375 0.10302881601694527 0.041070427594901295
15 0.4687036314955678 0.22371319330938694 0.09268487878747939 0.044149975799503235
15 0.6081338679683067 0.31918879889197294 0.11797579653628294 0.05675906010845857
16 0.4225846525999846 0.28093988602959874 0.08266822402541768 0.06129202400410509
11 0.7376747261940853 0.392053606269957 0.11844853787808891 0.07707156010845857
6 0.5253383674277873 0.38594957289607806 0.061398514068878876 0.042451120413308986
0 0.39322325216756926 0.3341876058771736 0.0972879220773514 0.06291815651766246
0 0.4004867326891039 0.5591330637226959 0.11647429870055698 0.08174996974937905
2 0.32406033009021773 0.3969830425472612 0.11581973376574872 0.05362496974937887
8 0.5875919929710527 0.6200291362259904 0.1333591536788262 0.09119769262201594
13 0.7243154237076967 0.6975496273471959 0.08062125541068496 0.0628454336450254
5 0.38249802598007443 0.660763741415793 0.06574700432854783 0.05028180113146803
3 0.2534557294415946 0.4769705243968886 0.046887910172746496 0.04551248789975162
7 0.20447157576276834 0.56780005747618 0.05723184740221221 0.04243293969514959
12 0.43783072944159457 0.47616602761834237 0.04871669047587659 0.03458407825883114
10 0.5728473842036563 0.49276265427816723 0.108577341990429 0.1004636083130606
9 0.7610435860436187 0.5067837267814619 0.09593188311602721 0.09415906615858276
4 0.6080687765172984 0.23247913925105257 0.07828336904714822 0.05189884328594587