1 0.36354166666666665 0.09618989466100718 0.075 0.05130923328250003
1 0.7166666666666667 0.2789167013661116 0.08125 0.052980836056041716
15 0.6802083333333333 0.15406151852045183 0.10208333333333333 0.04709451196784729
15 0.646875 0.20738588706156288 0.10625 0.044042247150208366
15 0.5145833333333333 0.3019515450215976 0.12916666666666668 0.05537979065319458
15 0.31666666666666665 0.17896537385944464 0.11458333333333333 0.05043771751493065
4 0.4739583333333333 0.19264862699357668 0.08125 0.060793336056041716
16 0.2916666666666667 0.257435212765278 0.09583333333333334 0.07198540919430566
0 0.2833333333333333 0.3283834924005557 0.13541666666666666 0.06955139342673622
0 0.40729166666666666 0.6032036140757988 0.15416666666666667 0.07456620174736131
11 0.6729166666666667 0.37737173195131984 0.1125 0.08008884992375016
9 0.7375 0.5050616272779171 0.1125 0.09727634992375016
6 0.4635416666666667 0.38621678903767387 0.06666666666666667 0.05116376291777787
3 0.23958333333333334 0.41746352298576406 0.15 0.05730596656500002
3 0.19479166666666667 0.5244941197753821 0.05625 0.04941942496187508
3 0.6229166666666667 0.6436864097629865 0.1625 0.07783667211208342
12 0.4041666666666667 0.500024062689028 0.05625 0.04316942496187508
7 0.7739583333333333 0.7041355601235768 0.08125 0.06704333605604162
7 0.18333333333333332 0.648512848023889 0.06666666666666667 0.054288762917777865
10 0.5572916666666666 0.5073845806407989 0.1375 0.10083776101791671
5 0.4395833333333333 0.7217360617390975 0.06666666666666667 0.052726262917777864