0 0.2710100381392159 0.46102095802831683 0.10513633778909034 0.06340906667727211
0 0.3619230203161877 0.7118482087046346 0.12415299734775687 0.08076019867918127
8 0.5478601554212184 0.747069188056952 0.14520450668363552 0.09500451201463563
9 0.6754055421175806 0.5840975680696786 0.11211359113090821 0.11033861067790855
11 0.6182244230320643 0.44217315006363345 0.12851359823890837 0.09329656134627218
1 0.6754811866115176 0.3106237054025877 0.0906257297899387 0.06796929734245412
1 0.3333190230744865 0.20528003536758935 0.06543179556545412 0.05525112133990877
15 0.6434697599724255 0.15797996339908787 0.12361967823042382 0.04638519867918123
15 0.6035947955124262 0.24358110872849714 0.11744240356460552 0.05101815467854491
15 0.4606668265966699 0.39079136871417963 0.1258484622321208 0.055778380012726635
15 0.297368307500548 0.3065425433640895 0.09651210311903 0.044586341343090474
6 0.40806156524509496 0.4911271760423162 0.06741816178654503 0.04901930267345413
10 0.49170858211333834 0.6059351107176795 0.12664844090812036 0.10734088001272682
12 0.3686949483344293 0.6111124120384982 0.05060604445151474 0.03949885200509069
13 0.7020624549650372 0.8132674474060876 0.09488936356884778 0.07425566000954512
5 0.3863283669637643 0.8175442253739528 0.06119240356460563 0.05052725867281786
7 0.206084400753279 0.751118699355499 0.05063028622957546 0.04106135200509069
2 0.23837825678976216 0.5498107380251352 0.11531058667515115 0.04787497334499946
3 0.21286844966055085 0.6496016526893627 0.04021361956290873 0.04097044533736351
4 0.4280372346170325 0.2779913767106798 0.08641057956715106 0.0648079346753633
16 0.273130463929579 0.39149879869508963 0.09062572978993882 0.06796929734245402