15 0.2982916666666667 0.196046875 0.05916666666666662 0.08339062500000001
15 0.42341666666666666 0.19078124999999999 0.04962499999999999 0.08009374999999999
15 0.3145 0.3049375 0.062229166666666676 0.07504687500000004
15 0.465875 0.53925 0.09081250000000006 0.05423437500000006
0 0.6206041666666666 0.323546875 0.04877083333333327 0.076953125
0 0.6252291666666667 0.600421875 0.06979166666666667 0.07064062500000005
14 0.39314583333333336 0.608 0.10343749999999995 0.02648437500000007
3 0.4608333333333333 0.43676562499999994 0.04372916666666669 0.023343750000000087
2 0.539875 0.46040625 0.10260416666666666 0.03153124999999992
1 0.6529791666666667 0.486265625 0.059708333333333266 0.04415624999999999
1 0.5150624999999999 0.19646875 0.05802083333333332 0.046046875
6 0.623125 0.177859375 0.04372916666666669 0.037843749999999995
12 0.6592916666666666 0.22673437500000002 0.035312500000000094 0.02712500000000002
8 0.5512291666666667 0.27971875 0.05633333333333332 0.07379687500000003
16 0.4545208333333333 0.30462500000000003 0.06812499999999998 0.05549999999999997
11 0.48060416666666667 0.38882812499999997 0.08324999999999996 0.062437499999999965
13 0.36791666666666667 0.39671875000000006 0.056333333333333374 0.04162500000000002
7 0.6042083333333333 0.420046875 0.03952083333333339 0.030281249999999992
5 0.6626666666666666 0.551859375 0.04204166666666656 0.03279687500000002
9 0.3014791666666667 0.44528125 0.09335416666666667 0.04162499999999998
4 0.28970833333333335 0.534828125 0.06643749999999997 0.05298437499999995
10 0.5041666666666667 0.61640625 0.0625 0.0859375