1 0.33522916666666663 0.095875 0.07197916666666669 0.046875
1 0.6998125000000001 0.25851562499999997 0.07764583333333329 0.04829687500000004
15 0.6553125000000001 0.13565624999999998 0.09847916666666663 0.04118750000000002
15 0.6259374999999999 0.19104687499999998 0.10416666666666667 0.038359374999999994
15 0.5 0.292609375 0.125 0.04829687500000004
15 0.29450000000000004 0.181109375 0.11174999999999997 0.04403125000000001
4 0.4517083333333333 0.186078125 0.07764583333333329 0.05681250000000002
16 0.274625 0.26065625 0.09091666666666663 0.06676562500000002
0 0.2717708333333333 0.332390625 0.1306875 0.0625
0 0.41383333333333333 0.5994375 0.14962499999999998 0.06534375000000008
11 0.6638333333333333 0.359375 0.10795833333333343 0.07385937499999998
9 0.73675 0.482953125 0.10606249999999993 0.09090624999999992
6 0.45549999999999996 0.37996875 0.0625 0.046875
3 0.2338958333333333 0.423296875 0.14583333333333331 0.048296874999999996
3 0.19697916666666665 0.533375 0.05302083333333331 0.046875
3 0.631625 0.62784375 0.1571875000000001 0.06818749999999998
12 0.4041666666666667 0.496875 0.05416666666666667 0.040625
7 0.7864583333333334 0.6796875 0.07708333333333334 0.0625
7 0.19375 0.6578125 0.0625 0.05
10 0.5572916666666666 0.4953125 0.13125 0.09375
5 0.45416666666666666 0.71640625 0.0625 0.0484375