4 0.5701666666666667 0.218453125 0.06483333333333334 0.055062500000000014
0 0.7274791666666667 0.24742187499999999 0.08581249999999987 0.051484374999999985
0 0.7718125 0.48125 0.06768750000000003 0.05148437500000007
2 0.74225 0.39079687500000004 0.07914583333333335 0.027890625000000037
7 0.6535833333333334 0.35396875 0.03718750000000005 0.028609375000000003
3 0.5558541666666666 0.3060625 0.03241666666666655 0.040046874999999996
11 0.4013958333333333 0.32965625 0.09152083333333334 0.07293750000000002
15 0.46910416666666666 0.41760937499999995 0.09152083333333334 0.027171874999999977
15 0.38947916666666665 0.57921875 0.06197916666666667 0.07007812500000003
15 0.768 0.576359375 0.046729166666666565 0.06006250000000009
15 0.596375 0.669328125 0.06006250000000009 0.07579687499999999
1 0.6678958333333332 0.658953125 0.052437499999999915 0.04076562500000005
1 0.3141666666666667 0.504140625 0.06387500000000006 0.047203125000000054
13 0.42141666666666666 0.49234375 0.047666666666666656 0.03646875000000005
5 0.5916250000000001 0.5720625 0.03718750000000005 0.028609374999999916
16 0.7046041666666666 0.53703125 0.06674999999999992 0.04862500000000001
12 0.6535833333333334 0.47803125 0.03337499999999996 0.023593750000000035
6 0.5911458333333334 0.48375 0.04577083333333339 0.03360937499999998
10 0.586375 0.3904375 0.06102083333333326 0.07865625000000005
9 0.4390625 0.660734375 0.048624999999999946 0.07579687499999999
8 0.258375 0.6131875 0.10679166666666667 0.05220312499999995