2 0.228125 0.2642188194780914 0.09583333333333334 0.05334763192686944
11 0.13645833333333332 0.3735167367654336 0.09375 0.06889985731976359
0 0.2760416666666667 0.3674551354415261 0.09791666666666667 0.06279540653397522
0 0.7354166666666667 0.2600644363083677 0.05625 0.07540241439185813
14 0.8520833333333333 0.3219523143062957 0.06666666666666667 0.06639128742738745
10 0.66875 0.35695439888098024 0.075 0.0776198858558109
15 0.7916666666666666 0.4104668507002258 0.09583333333333334 0.040847631926869354
15 0.6635416666666667 0.6809912123632156 0.09375 0.05952485731976367
15 0.3729166666666667 0.6395891546719484 0.06875 0.07427656203449332
15 0.7177083333333333 0.6031958521479679 0.08541666666666667 0.05610875889134022
1 0.6458333333333334 0.4194351282028158 0.0625 0.04749573821317572
1 0.128125 0.5732256383370102 0.0625 0.04749573821317572
8 0.37604166666666666 0.43735456658260724 0.07083333333333333 0.07122433664159918
6 0.22916666666666666 0.49238020678164435 0.05 0.03612159057054054
12 0.3020833333333333 0.5246148180303493 0.03958333333333333 0.029507717535011226
3 0.5979166666666667 0.49901131223938106 0.04375 0.02652826674922295
9 0.7322916666666667 0.4826115243977089 0.09166666666666666 0.06726458271265763
4 0.853125 0.5337074516098486 0.075 0.0541823858558109
7 0.453125 0.36270347704552397 0.0375 0.03099744292790545
5 0.5895833333333333 0.2776264638109576 0.04791666666666667 0.034486315963434676
13 0.3645833333333333 0.269766806243525 0.04791666666666667 0.03917381596343468
16 0.5927083333333333 0.5808606257216165 0.07916666666666666 0.05432793507002245