2 0.20625 0.27109375 0.09166666666666666 0.0453125
11 0.1250208333333333 0.38828125 0.08749999999999998 0.0609375
0 0.2635625 0.36953125 0.09374999999999997 0.0546875
0 0.7104374999999999 0.22265625 0.05 0.0703125
14 0.8323125 0.27421875 0.06041666666666667 0.0609375
10 0.6531458333333333 0.325 0.06875 0.071875
15 0.7802291666666666 0.36796875 0.09375 0.0328125
15 0.6781458333333333 0.64921875 0.08958333333333333 0.0515625
15 0.3854375 0.6328125 0.0625 0.06875
15 0.7239791666666666 0.56640625 0.08125 0.0484375
1 0.6354375 0.38984375 0.058333333333333334 0.0421875
1 0.13543750000000002 0.58828125 0.058333333333333334 0.0421875
8 0.3698125 0.43125 0.06458333333333334 0.065625
6 0.22814583333333335 0.4984375 0.04791666666666667 0.03125
12 0.3041875 0.52421875 0.0375 0.0265625
3 0.5958541666666667 0.47265625 0.041666666666666664 0.0234375
9 0.7281458333333333 0.4453125 0.08541666666666667 0.059375
4 0.8521041666666667 0.48515625 0.07083333333333333 0.0484375
7 0.43856249999999997 0.35 0.035416666666666666 0.028125
5 0.5666875 0.253125 0.04583333333333333 0.03125
13 0.34272916666666664 0.26484375 0.04375 0.0359375
16 0.5979375 0.55546875 0.075 0.0484375