0 0.28693749999999996 0.438921875 0.09658333333333337 0.05398437499999993
0 0.33995833333333336 0.6953125 0.11174999999999997 0.06960937499999993
8 0.5198958333333333 0.745734375 0.13068750000000004 0.08239062500000002
9 0.6704583333333333 0.594453125 0.09468750000000009 0.10085937499999993
11 0.6344791666666667 0.44885937499999995 0.11364583333333324 0.08239062500000002
1 0.7102291666666667 0.32243750000000004 0.07954166666666657 0.05965625000000001
1 0.38635416666666667 0.18962500000000002 0.05681249999999996 0.04971875000000001
15 0.70075 0.168328125 0.1174166666666667 0.03551562499999998
15 0.6486666666666667 0.25 0.11174999999999997 0.039765624999999985
15 0.4857916666666667 0.384234375 0.11931249999999996 0.04403125000000001
15 0.33522916666666663 0.287640625 0.09091666666666663 0.03551562500000003
6 0.4185625 0.48010937499999995 0.06060416666666661 0.04260937499999997
10 0.4848541666666666 0.600859375 0.10985416666666664 0.09659375000000008
12 0.36174999999999996 0.595875 0.045458333333333316 0.03551562500000003
13 0.662875 0.824578125 0.08333333333333333 0.06676562500000002
5 0.3484791666666667 0.8025625 0.05302083333333331 0.04545312499999996
7 0.17897916666666666 0.72159375 0.04356249999999999 0.03693749999999998
2 0.24052083333333335 0.524140625 0.10985416666666664 0.03693749999999998
3 0.20075 0.621453125 0.034083333333333306 0.03835937499999993
4 0.4696875 0.269890625 0.07575000000000003 0.05681250000000002
16 0.29924999999999996 0.37003125 0.07954166666666668 0.06107812500000005