1 0.37083333333333335 0.11171875 0.07916666666666666 0.0578125
1 0.7166666666666667 0.328125 0.0625 0.046875
15 0.6770833333333334 0.178125 0.09166666666666666 0.0375
15 0.6510416666666666 0.25 0.08541666666666667 0.040625
15 0.34270833333333334 0.23359375 0.11875 0.0515625
15 0.5552083333333333 0.37265625 0.11458333333333333 0.0453125
4 0.49895833333333334 0.24296875 0.08125 0.0671875
16 0.35208333333333336 0.34296875 0.1 0.0734375
0 0.3541666666666667 0.43046875 0.1375 0.0609375
0 0.5145833333333333 0.69375 0.12916666666666668 0.053125
8 0.6760416666666667 0.6953125 0.11875 0.05
9 0.7520833333333333 0.55546875 0.08333333333333333 0.0765625
11 0.684375 0.4375 0.08958333333333333 0.075
14 0.9583333333333334 0.46640625 0.04583333333333333 0.0796875
6 0.5270833333333333 0.4734375 0.058333333333333334 0.04375
12 0.496875 0.5953125 0.04791666666666667 0.040625
3 0.3260416666666667 0.65234375 0.05625 0.0453125
2 0.33958333333333335 0.53671875 0.1375 0.0453125
7 0.346875 0.775 0.06041666666666667 0.053125
5 0.5520833333333334 0.78359375 0.04583333333333333 0.0453125
13 0.7802083333333333 0.7203125 0.05625 0.046875
10 0.6208333333333333 0.58203125 0.11666666666666667 0.0796875