1 0.24527083333333335 0.578828125 0.08902083333333331 0.05539062500000007
4 0.5625 0.625 0.1022708333333334 0.07670312500000005
1 0.7774583333333334 0.754265625 0.10416666666666667 0.07670312500000005
15 0.2623125 0.779125 0.16097916666666662 0.06107812499999996
15 0.32102083333333337 0.6640625 0.14962499999999998 0.05539062500000007
15 0.768 0.590203125 0.13825000000000004 0.05823437499999997
15 0.4829583333333333 0.49645312500000005 0.1401458333333333 0.05256249999999998
11 0.32008333333333333 0.46378125 0.11364583333333336 0.07243750000000002
16 0.7414791666666667 0.48082812500000005 0.1003749999999999 0.078125
0 0.7140208333333333 0.41760937499999995 0.13635416666666675 0.03693749999999998
2 0.7092708333333333 0.34375 0.12310416666666674 0.04545312499999996
7 0.6647708333333333 0.22726562499999997 0.041666666666666664 0.03125
10 0.4270833333333333 0.342328125 0.11174999999999997 0.05965625000000001
9 0.2708333333333333 0.37215625 0.08712499999999998 0.06534375000000003
6 0.5236666666666667 0.40412499999999996 0.0625 0.044031249999999966
12 0.5473541666666667 0.329546875 0.041666666666666664 0.03125
0 0.53125 0.272015625 0.11174999999999997 0.03551562500000003
8 0.37216666666666665 0.28195312499999997 0.10416666666666667 0.04118750000000002
7 0.2689375 0.27414062499999997 0.056812499999999995 0.03409374999999999
5 0.493375 0.23367187500000003 0.051145833333333356 0.02698437499999997
3 0.6979166666666666 0.28195312499999997 0.043562499999999935 0.029828124999999962