0 0.5155578346266568 0.1952640656676035 0.122315351786886 0.06614315046753823
0 0.7485233451467567 0.35647479732083914 0.14956846377673755 0.06938632513557322
14 0.038181026263068525 0.6972067981064061 0.06848824243325602 0.07215680113146802
9 0.4061316672265727 0.7902402223816576 0.10377403031655064 0.10823974687674216
8 0.23689178119359072 0.7793431081166687 0.10871179051951643 0.0457761083130606
15 0.3223438029424205 0.7023538821207739 0.06725380238251451 0.0877727107723885
15 0.6033002350844966 0.7473401709556018 0.1048775915839201 0.12855224687674216
15 0.8484720849190036 0.49209920081343944 0.10445314494262424 0.12073974687674198
15 0.3380784129798933 0.5086266080184729 0.0991440171354417 0.06135565651766246
11 0.27457564618637303 0.46927776170746494 0.08115802108977437 0.07533634328594588
2 0.6227098069463278 0.2941924450579029 0.13842669302888452 0.09433178298109546
4 0.3653332509514022 0.2946322857115701 0.07788623716081251 0.05345225292686626
3 0.3885541198489424 0.3658442103796051 0.04561756522170223 0.03456589754067192
7 0.4966716850706445 0.3319328186926656 0.05203734387822057 0.037718168617910844
16 0.6746835302421885 0.48821515583029135 0.12784024770569952 0.0911613311856975
12 0.5712154281381686 0.4557248426967707 0.06088001318110893 0.047129530054229284
6 0.4957096369595967 0.5030629301289841 0.0694680144992199 0.051853391490547726
13 0.5462296073021016 0.6087771198241337 0.06746957049414568 0.05340680113146821
5 0.33211316527419366 0.599247062838933 0.058626901191257255 0.04399543969514959
1 0.2500602614467146 0.6520266291939076 0.06547112648907163 0.05496021077238851
1 0.7270198055786423 0.6947424117822197 0.11725380238251451 0.08799087939029934
10 0.4390051060087779 0.4152947645361353 0.10781690778181172 0.0676420179539809