4 0.551678686310036 0.226007294071667 0.0691984577145945 0.05901263050895837
0 0.711229433252242 0.2514456647969796 0.09000755009038196 0.056251306420763925
0 0.7734399307772866 0.48375032494121584 0.0712575500903822 0.05592399810013902
2 0.737332396820569 0.3940695758911463 0.0814924095754563 0.03266833605604171
7 0.645411200099673 0.3596569018792018 0.03981362243001693 0.03037848423243057
3 0.5450657664546475 0.31338000750253503 0.035731799114760085 0.04124324905006951
11 0.3921710555513312 0.3403944895507641 0.0964272367932016 0.07823540919430556
15 0.46678995497778336 0.4268417890376739 0.09399240957545653 0.032886541603125076
15 0.3993186654883163 0.5904854085287156 0.06722420869021661 0.07303876291777786
15 0.7773042799824289 0.5791173763279867 0.05048481915091306 0.06337282218833344
15 0.6134966572905561 0.6762443366247226 0.06518935727197454 0.07925239532659738
1 0.6842269665543206 0.6641995847248616 0.05657725292686611 0.04316942496187508
1 0.318552790131433 0.5172102562682641 0.06705452198739698 0.05116376291777787
13 0.42467552510431844 0.5026587534184724 0.050303011969320605 0.03993532218833344
5 0.6012868542733079 0.5791693148732296 0.03981362243001693 0.030378484232430482
16 0.7113944487312674 0.5412530472057991 0.07123330913283657 0.052798998100139015
12 0.6557437179227261 0.48325805603951427 0.03561059432703194 0.025618249050069507
6 0.5933103805559765 0.4907607783040976 0.04819543767844152 0.03677395459715278
10 0.5811308787356603 0.3975920065526045 0.0672969315628535 0.08241376291777787
9 0.4551451432390637 0.6711366496950003 0.05477269060530787 0.07907055737069442
8 0.2714966774576369 0.6273113016711113 0.11085300390248826 0.058177482332569495