4 0.44429035891472257 0.2707276071148758 0.09389721225907408 0.07507708271265781
0 0.6730691046087967 0.2502224003332315 0.1351274678315742 0.06247007485477489
0 0.8221798758842598 0.5187476143535861 0.12286991843944435 0.06984592721213971
2 0.739715880950556 0.4152630494236087 0.12902293819629637 0.0669392510334573
16 0.7361839406002323 0.603871785155585 0.09806387892574074 0.07522263192686936
15 0.6252382373321306 0.7586920258499601 0.07568060359638906 0.09160961124870504
15 0.8477643701846767 0.6375147309789746 0.06497299620027804 0.08187073821317573
15 0.38717450430379685 0.5136086199351574 0.12471080116490754 0.062106201819245574
11 0.28990984143685233 0.4372323645584739 0.11511846656500009 0.08830482878371626
10 0.5262235753526394 0.457915083955512 0.11129123074935202 0.09909677956950454
6 0.5700974134981025 0.5611834791169479 0.06603803698055562 0.04913101282028158
9 0.4367208157262509 0.7660593777930401 0.07965330977675933 0.08550516046291676
8 0.2365744744143527 0.7347281027716497 0.1267941344982408 0.06217897642635144
15 0.3540879763142138 0.6907362001666157 0.0776669566865742 0.08855738585581072
5 0.5970378893082415 0.6564403211352304 0.05111527279620371 0.03768409057054054
13 0.3606020591413433 0.5982212144346394 0.06598954685898152 0.047568512820281586
12 0.6539390221607877 0.5410486075291605 0.04883797897657421 0.03136131596343468
7 0.607762774187732 0.3971915996712777 0.05533042958444459 0.03939213978475227
3 0.45994221681703745 0.37185345947224063 0.04084407649425934 0.04200771753501122
1 0.7248018262379639 0.741136344708879 0.08735627152962971 0.06548375889134021
1 0.25403774429828774 0.625406606700591 0.08532142831787043 0.06697348428423418