14 0.37260891964480986 0.10457485714474016 0.11491580106440366 0.08425799756436803
0 0.29071161530991635 0.20884534578065445 0.13341113307962615 0.07981595941492108
0 0.5748318544974698 0.6609185401813371 0.085749134397737 0.08387616801906325
11 0.6159131114299456 0.7839060267886564 0.09833402372599617 0.08560230925276535
8 0.6490554901885304 0.549712258931749 0.09871957049414562 0.05437958279171564
15 0.8475699269439946 0.5197502491925163 0.08804823584270167 0.04955571509696384
15 0.8281160916087075 0.31517184334831777 0.05930601581733062 0.056986385551659156
15 0.7475717457533206 0.2716633510589555 0.05939090514559003 0.05854888555165916
16 0.7588726607847424 0.36455028044210447 0.0760575718122567 0.05876707386326192
1 0.8373053149789302 0.7145542345820198 0.0525466798477756 0.0475295649348082
1 0.5643622016213928 0.3147156960255358 0.06330290382747919 0.05391593262955983
10 0.47412274838954244 0.2846248214309252 0.11665957708470019 0.07803527110331832
5 0.36257243614598345 0.3611385028426691 0.06270867852966475 0.042978432629559825
3 0.6614883248151872 0.3564435000032953 0.03928267589344282 0.0333034237011061
12 0.7546422807080468 0.5936747187537073 0.03711445323185056 0.03171365016215581
6 0.7446235211641365 0.6586957467568844 0.05463001318110893 0.04755683847375849
2 0.4314143222285401 0.7456674614468113 0.07877403031655064 0.10876707386326193
13 0.40880894737471346 0.5982021262194637 0.07371957049414585 0.05405230032431163
7 0.5364546957146812 0.4917691197266419 0.05212223320647975 0.0397170649348082
9 0.6198322925214702 0.24206340016545108 0.07231535178688589 0.06652502678536117
15 0.5186049420526951 0.18240775649611704 0.05841113307962616 0.07883411201270882
4 0.6560006027878629 0.15950031615591945 0.07172112648907168 0.055587526785361205