4 0.6040986388867655 0.24791084836402585 0.07973227360693613 0.06322951186299805
0 0.7506404389432352 0.29702612209002205 0.09836093325804048 0.062240014828747546
0 0.7332990427521884 0.5337767055881193 0.08157292624247793 0.060168178859192525
2 0.7280187935114883 0.4404259536109529 0.08612416135793666 0.038484179847775656
7 0.6503483338039145 0.39184919075937164 0.04421481399347845 0.03408583992388792
3 0.5672772565386112 0.3321439269192072 0.04298086310241563 0.04495967292769336
11 0.4094395583019133 0.3343683187065306 0.11047636480924818 0.08443334980971962
15 0.45215913736816543 0.42964632661519603 0.09862416135793665 0.0388661818249421
15 0.33199512001749176 0.5786793928130877 0.08094567709589408 0.07885451186299797
15 0.7041436218184404 0.6268582021280781 0.06330828763806125 0.06584517589344294
15 0.51087995524589 0.6953469224705829 0.07922636480924818 0.08347834486680376
1 0.5840393026103482 0.6944502673373866 0.06393553678464485 0.04715884288963732
1 0.27800949184230234 0.49402054992345035 0.07704223852912383 0.055353344866803766
13 0.3863428251756357 0.4973312337255587 0.05732151573795742 0.04228034190105419
5 0.5319447235440963 0.5988857579458464 0.04421481399347845 0.03408583992388792
16 0.6525148287775333 0.5790772767289267 0.07924691221135305 0.05697951186299797
12 0.6178457795744798 0.5145863538012334 0.03956278593122846 0.02770850593149916
6 0.5554064497489276 0.5118950939154016 0.054995501706832546 0.039091674904859805
10 0.5751262005082277 0.41930834589256794 0.0815523788403733 0.08666701186299815
9 0.35865473416155613 0.6656355647521979 0.06868835779368573 0.0815975098858317
8 0.1940200323229609 0.594040454562355 0.11943694728916529 0.0660016847906915