0 0.4979166666666667 0.1921875 0.1125 0.059375
0 0.753125 0.33984375 0.13958333333333334 0.0609375
14 0.09583333333333334 0.71875 0.058333333333333334 0.06875
9 0.47604166666666664 0.790625 0.08958333333333333 0.103125
8 0.30520833333333336 0.7890625 0.10208333333333333 0.040625
15 0.37916666666666665 0.7078125 0.05416666666666667 0.084375
15 0.6666666666666666 0.73671875 0.0875 0.1234375
15 0.8729166666666667 0.46875 0.0875 0.115625
15 0.36666666666666664 0.5140625 0.09166666666666666 0.05625
11 0.29791666666666666 0.478125 0.07083333333333333 0.071875
2 0.61875 0.284375 0.125 0.0875
4 0.3625 0.3 0.07083333333333333 0.05
3 0.3958333333333333 0.36953125 0.041666666666666664 0.0328125
7 0.49895833333333334 0.3296875 0.04791666666666667 0.034375
16 0.6989583333333333 0.475 0.11458333333333333 0.084375
12 0.5916666666666667 0.4484375 0.05416666666666667 0.04375
6 0.5229166666666667 0.49921875 0.0625 0.0484375
13 0.5885416666666666 0.6015625 0.06041666666666667 0.05
5 0.37395833333333334 0.6046875 0.052083333333333336 0.040625
1 0.3 0.66171875 0.058333333333333334 0.0515625
1 0.78125 0.67734375 0.10416666666666667 0.0828125
10 0.453125 0.415625 0.09791666666666667 0.0625