14 0.39375 0.1046875 0.10416666666666667 0.078125
0 0.3 0.20390625 0.125 0.0734375
0 0.5270833333333333 0.66953125 0.075 0.0796875
11 0.5520833333333334 0.79375 0.0875 0.08125
8 0.6145833333333334 0.5625 0.09166666666666666 0.05
15 0.8166666666666667 0.54296875 0.08333333333333333 0.0453125
15 0.821875 0.33828125 0.052083333333333336 0.0546875
15 0.746875 0.290625 0.052083333333333336 0.05625
16 0.746875 0.38359375 0.06875 0.0546875
1 0.7822916666666667 0.73671875 0.04791666666666667 0.0453125
1 0.559375 0.32421875 0.05625 0.0515625
10 0.47291666666666665 0.2890625 0.10833333333333334 0.071875
5 0.35208333333333336 0.359375 0.058333333333333334 0.040625
3 0.6510416666666666 0.3703125 0.035416666666666666 0.03125
12 0.7145833333333333 0.61171875 0.03333333333333333 0.0296875
6 0.6958333333333333 0.67578125 0.05 0.0453125
2 0.3729166666666667 0.74609375 0.06666666666666667 0.1046875
13 0.36875 0.5984375 0.06666666666666667 0.05
7 0.509375 0.4984375 0.04791666666666667 0.0375
9 0.6239583333333333 0.2546875 0.06458333333333334 0.0625
15 0.5302083333333333 0.18984375 0.04791666666666667 0.0765625
4 0.6697916666666667 0.17421875 0.06458333333333334 0.0515625