4 0.40625 0.2921875 0.08333333333333333 0.065625
0 0.6322916666666667 0.26171875 0.12708333333333333 0.0484375
0 0.8104166666666667 0.52265625 0.1125 0.0578125
2 0.7166666666666667 0.4234375 0.12083333333333333 0.053125
16 0.7333333333333333 0.6109375 0.0875 0.065625
15 0.6395833333333333 0.7703125 0.0625 0.084375
15 0.8489583333333334 0.63984375 0.052083333333333336 0.0765625
15 0.375 0.53671875 0.11666666666666667 0.0484375
11 0.26979166666666665 0.46484375 0.10208333333333333 0.0765625
10 0.5083333333333333 0.475 0.09583333333333334 0.0875
6 0.5625 0.57578125 0.058333333333333334 0.0421875
9 0.45208333333333334 0.7859375 0.06666666666666667 0.078125
8 0.24895833333333334 0.76328125 0.11875 0.0484375
15 0.3614583333333333 0.7140625 0.06458333333333334 0.08125
5 0.6 0.66953125 0.04583333333333333 0.0328125
13 0.35833333333333334 0.621875 0.058333333333333334 0.040625
12 0.6447916666666667 0.55234375 0.04375 0.0265625
7 0.5833333333333334 0.4109375 0.05 0.034375
3 0.4322916666666667 0.3921875 0.035416666666666666 0.0375
1 0.7364583333333333 0.7484375 0.07708333333333334 0.05625
1 0.25416666666666665 0.65390625 0.075 0.0578125