1 0.24189068098872266 0.5423911386254678 0.09891057956715095 0.06791119629109836
4 0.5483232241141159 0.6093009203989592 0.11591663112666595 0.09044129353213641
1 0.7391921014745997 0.7518901328597166 0.11802420623806001 0.09208568068726616
15 0.22416029524714526 0.7432100101767654 0.17202118045830245 0.08327724672063966
15 0.30269594589429766 0.6322448547042698 0.15942421334606002 0.07653592378986111
15 0.7585338356672675 0.5877490677308541 0.14903178845745396 0.0776889880142125
15 0.49100585608951103 0.4755334300098976 0.14895906312327203 0.07300148801421251
11 0.335033906747269 0.432415273067064 0.12630905601527212 0.08928822930778506
16 0.7505626694249654 0.47705722919624344 0.11594087290472667 0.09200379353213642
0 0.7339195147464206 0.4120463828597166 0.14246664534266623 0.057130826548823066
2 0.7421551511775727 0.3382403906616327 0.132146945788242 0.06297139077317429
7 0.7173718676002404 0.21882864936805996 0.048474227562060435 0.0378209045679843
10 0.46250364894969415 0.3179632694490195 0.12192421334606003 0.07506195499752569
9 0.3022930373965425 0.3375498303940104 0.09905603023551449 0.07728619629109837
6 0.5479937707404815 0.3865218396662645 0.07160907023127223 0.05278416327441153
12 0.5833369822830275 0.3132138144514939 0.048474227562060435 0.0378209045679843
0 0.5772195822724219 0.25482478233931827 0.11739392000848449 0.05146068068726608
8 0.4177476151601796 0.25483914970674426 0.11121664534266623 0.055902519221876903
7 0.3174567138234525 0.24001973315297231 0.06310604445151485 0.041519114653892505
5 0.546368841820483 0.21460589608869962 0.056759077339272386 0.03502345318850333
3 0.741185480055149 0.2757403906616327 0.04844998578399971 0.036258404567984216