1 0.4187810055784953 0.10204727156821818 0.09197649781375977 0.06444429508134393
1 0.71539932685168 0.3428666725267357 0.07235303482570904 0.051862481849627426
15 0.7072946570185477 0.19060473575845227 0.09889045379151067 0.04416815651766241
15 0.6670193524808491 0.26029052186280577 0.09285881953852335 0.04726588544042354
15 0.36464977385868047 0.22099725946796975 0.12925813206674708 0.0614829215447771
15 0.5465490027148866 0.3748439012531051 0.12465473390605505 0.05521474082661779
4 0.5172878802962584 0.24219957289607805 0.09471492838813103 0.07382838544042354
16 0.3517986393799036 0.3303949853656688 0.11609417608899619 0.08173178903121973
0 0.33526773179688213 0.41794043716106694 0.1508557455146248 0.07251132513557326
0 0.4390228041631869 0.6916228559753694 0.1397839816069201 0.06309087334017516
8 0.5984568249682966 0.704985398326239 0.12914894919324074 0.05992042154477702
9 0.7025290358830018 0.5717592869881163 0.09953669229583587 0.08322156615858275
11 0.6600582247865824 0.4493257507855669 0.10567750942232952 0.08168633723582168
14 0.9253143728343797 0.49815309446429623 0.06203669229583587 0.08305793969514959
6 0.4969621483506541 0.47346775361423726 0.06796800241202969 0.048719301131468204
12 0.44178924996417257 0.5924222866935287 0.05722378712484411 0.04398634933607006
3 0.261703387609415 0.6361637172152962 0.0659938519522027 0.050272710772388506
2 0.298785812605291 0.5227552021881816 0.14768058344622806 0.056877234776493604
7 0.2561483491656613 0.7603688316766768 0.07070643298640107 0.05810339149054773
5 0.45758101462631307 0.783701271666414 0.055468002412029684 0.048664758976990366
13 0.6961093931879103 0.7381428110904172 0.06610303482570903 0.05183521077238851
10 0.5670076157111853 0.5887518651487517 0.1333067571231945 0.08961701190385671