15 0.30114583333333333 0.108671875 0.08333333333333333 0.1349375
15 0.47443749999999996 0.129265625 0.0625 0.11079687499999999
15 0.32575000000000004 0.293328125 0.09468749999999998 0.11221874999999999
15 0.5426041666666667 0.655546875 0.12310416666666674 0.06107812500000005
12 0.7272708333333333 0.22087500000000002 0.041666666666666664 0.03551562500000003
0 0.7026458333333333 0.34162499999999996 0.05302083333333343 0.09801562500000002
0 0.7206458333333334 0.712359375 0.08902083333333337 0.08948437499999998
14 0.4583333333333333 0.772734375 0.1477291666666666 0.059656249999999925
10 0.5956458333333334 0.7592343749999999 0.07764583333333329 0.12926562499999994
1 0.7424166666666667 0.5568125 0.06818750000000004 0.05681250000000002
1 0.5842708333333333 0.15625 0.08143750000000007 0.06818749999999998
11 0.54925 0.428265625 0.1136458333333333 0.09232812500000005
9 0.319125 0.52628125 0.16097916666666662 0.06676562500000002
4 0.30491666666666667 0.678984375 0.1174166666666667 0.09375
13 0.4081458333333333 0.44246875 0.07764583333333329 0.06107812500000005
3 0.5293541666666666 0.502125 0.054916666666666634 0.03267187499999995
2 0.6306875000000001 0.531953125 0.12120833333333322 0.04118750000000002
8 0.6287916666666666 0.28125 0.07575000000000003 0.10510937499999998
6 0.6950833333333333 0.1505625 0.06439583333333326 0.05114062499999998
16 0.5236666666666667 0.30398437500000003 0.11552083333333336 0.08239062500000002
7 0.6856041666666666 0.46662499999999996 0.05302083333333343 0.03835937499999993
5 0.7471666666666666 0.639921875 0.0549166666666667 0.044031249999999925