4 0.39718234726564783 0.28154757804548314 0.08536991843944458 0.06780754809323426
0 0.624169571303009 0.24515866634258526 0.12858652710212984 0.051765885842182155
0 0.7941967210001383 0.501430969793297 0.11429413449824087 0.06075893992586625
2 0.7035258437200921 0.40466758639818556 0.12248199746685202 0.05628969473518954
16 0.7143736957978696 0.5917310767795387 0.08953658510611101 0.06791667549789597
15 0.615677703397314 0.7535614433844272 0.06511846656500021 0.0860119110699257
15 0.8291016285487494 0.6176090413001762 0.05445934929046293 0.07792659255827132
15 0.35834364323930495 0.526897283580446 0.11816986043546306 0.05149306733052796
11 0.2553658554983791 0.4577777505481542 0.10445934929046305 0.07923612141421188
10 0.4935923363748143 0.46168645663127117 0.09854878014148151 0.0900099303072194
6 0.5446313901999531 0.5610490503706689 0.05964256661583338 0.04371528366526398
9 0.4276928021815732 0.7740971765942042 0.06909117274537048 0.0798710384745874
8 0.22527090894439727 0.7567608875714628 0.12025319376879638 0.05154763103285873
15 0.33929834777398066 0.7045956976455965 0.06710481965518535 0.08294147477225663
5 0.5792219829055085 0.6538169037287135 0.04685162588638884 0.034012901451278846
13 0.3390342649468511 0.6124900431990927 0.05959407649425922 0.04215278366526398
12 0.6276504086902309 0.5354562841286 0.04457433206675934 0.027708337748947896
7 0.5705804313593513 0.39565966334736036 0.05106678267462949 0.035684528855940555
3 0.42012064615157363 0.3808655317663474 0.03658042958444448 0.03842758293962447
1 0.7132315650993509 0.7291492312260426 0.07882897770999998 0.0582688569862416
1 0.2338735507879159 0.6472494783156356 0.07679413449824081 0.059776793283910834