1 0.21435119263143457 0.5465493780235444 0.10203658510611119 0.06649770401018137
4 0.51270165755074 0.6358953307208611 0.1215139369297224 0.09009883601209037
1 0.6901685571207862 0.7929549474060875 0.12359727026305573 0.09011701734563574
15 0.17796036879740657 0.7455044986871354 0.17543815298851861 0.08275905068427196
15 0.2656084520036567 0.640772092695726 0.16269570238064823 0.07483746268299925
15 0.723360774825277 0.6299191454089511 0.15232752583555562 0.0763090560152719
15 0.469027876521805 0.49875841004931587 0.15218205547083344 0.0716215560152719
11 0.3175757857161106 0.44351583203372574 0.13183362335324086 0.08706474267981754
16 0.7268035734570365 0.5189816454089511 0.11947909371796304 0.091643154678545
0 0.7163401585631476 0.4532475574076784 0.14544715425509266 0.055942012014635625
2 0.7311191942771292 0.37991914540895105 0.13314111474138884 0.062082924013363086
7 0.7171446003049997 0.2594521040738148 0.04903193946287037 0.036355670671545236
10 0.45418220225569406 0.3392106873806342 0.1251957023806483 0.07451019867918127
9 0.29347459485958294 0.347185724697635 0.10232752583555561 0.07587270401018138
6 0.5331531665417125 0.4133572593889065 0.0724335073452778 0.052180665340545176
12 0.5759602220125458 0.3433992953930427 0.04903193946287037 0.036355670671545236
0 0.5746536015715739 0.28477827339272455 0.12030168389037031 0.051036336012090365
8 0.41665969908925893 0.27245899204327073 0.11419715425509266 0.05566929201145401
7 0.317314315730509 0.2504925380330894 0.06584407649425922 0.04118862133990877
5 0.5478620799148608 0.241564075389861 0.05726829255305568 0.03330339600572696
3 0.7361837991400922 0.3174464174092692 0.05106678267462949 0.03481135200509069