0 0.3217465483176622 0.42282983167368016 0.1040397663197344 0.06043155771188111
0 0.3741913138829608 0.680523280585221 0.12179826172146449 0.07649306733052796
8 0.5552598220992754 0.7329166158870983 0.1415309075830214 0.09104664065150558
9 0.7055224815298528 0.5834027108076224 0.10939858585825799 0.10736112141421188
11 0.6692176247535905 0.4372097570867581 0.12486424091635466 0.09061013103285878
1 0.7450217691833433 0.31234367714235844 0.08770064827358676 0.06468254809323426
1 0.4213260952805873 0.17524301434315226 0.06401970149237571 0.05314484736759484
15 0.7362959980395493 0.1576016134400276 0.12158875471116488 0.04373513103285882
15 0.683530991255039 0.23881689710529158 0.11764045379151065 0.04675100362819702
15 0.5205543954458054 0.37066215254758716 0.126301335745363 0.05165675843752045
15 0.3696529172311404 0.2720832980084162 0.0964795718376583 0.04151786660488845
6 0.4530924430860991 0.46556791398033254 0.06566630333168368 0.046949411069925694
10 0.520051223426433 0.5874776303150686 0.12365437057107218 0.10305556733052797
12 0.39647945951872826 0.581321888752589 0.05053705563081875 0.03875496515360979
13 0.6976140306019508 0.8137176933844273 0.09241322930778513 0.07260417549789588
5 0.3827120073848114 0.7875272487340557 0.05952548620519001 0.04834821996293322
7 0.21305609980178997 0.7043104993670278 0.04856290517099175 0.040262901451278844
2 0.27550449871691784 0.5077876742319516 0.11533875471116477 0.04357143992586625
3 0.23528965400080432 0.6043278575343958 0.04022957183765842 0.040044646641955416
4 0.5041961209097565 0.2560366573569106 0.0833156158599074 0.06144842068857255
16 0.3336637599868032 0.3544245720550333 0.0878098311470931 0.06624504809323425