1 0.4215410240748898 0.10650557181592354 0.08832673079097901 0.06287270472226432
1 0.7513856435488305 0.3461776467551051 0.07115080290255757 0.051862481849627426
15 0.7224173622458192 0.19373844798476908 0.09787037822035198 0.04416815651766246
15 0.6913161843856706 0.2639009570599554 0.09169312982345966 0.04570338544042354
15 0.3843981883793038 0.22585046945479137 0.12776456091809674 0.0599204215447771
15 0.5873248030156483 0.37904871320827543 0.12122355450566549 0.05364315046753827
4 0.5405159167514847 0.24605895120622287 0.09292990707629253 0.07226588544042353
16 0.38636580059685033 0.33521183391617193 0.11204366509183146 0.08016019867214012
0 0.3821065570375542 0.4226754724798535 0.14702382213985138 0.0709397347764936
0 0.5239683784465333 0.6958953247427898 0.13825397918787108 0.061528373340175156
8 0.6860087246047291 0.7090998275714602 0.1276918093149888 0.058357921544777015
9 0.7714187534041242 0.5751248033709633 0.09544975002827272 0.08164997579950324
11 0.7115774616950487 0.45301345403489324 0.10169975002827272 0.08167724687674216
14 0.9772702128196296 0.5010656555357038 0.045459574360740856 0.08304884933607007
6 0.552324820678107 0.4773134963857627 0.06468254809323426 0.04714771077238851
12 0.5130986516491876 0.5966493036655509 0.054120378220351976 0.04397725897699054
3 0.3392031572742012 0.6419749183233232 0.06267196636300873 0.048701120413308985
2 0.35989758111244396 0.5272447978118185 0.14421297277543996 0.0553056444174139
7 0.35120053391971795 0.7654396894005621 0.06928572437854778 0.05654089149054773
5 0.5553440563632274 0.7882009994108248 0.05225529969634213 0.048655668617910666
13 0.7874637566668852 0.7407861648072818 0.06482805129944988 0.050272710772388506
10 0.637880396839864 0.5925072252103281 0.12907408977403728 0.08804542154477701