1 0.20947748953739023 0.13014948197804646 0.09523149521894929 0.07736247867599957
1 0.7030488853071101 0.30858028059359427 0.11635583496471374 0.08379429201145401
15 0.6459259102259627 0.08182742393382123 0.1634722339971944 0.06702496268299925
15 0.6013822363029019 0.21107002860441196 0.15937831893363583 0.06855110001590833
15 0.19275457762350168 0.288043797979001 0.14234789425143007 0.060593149347544804
15 0.4402777041842005 0.40614726595322936 0.15729498560030244 0.06853291868236293
11 0.6373312642583343 0.4676831079328667 0.15501986061443868 0.10912155601527207
6 0.3981447458084581 0.5283404392902747 0.0837963061087733 0.055396572008272214
16 0.1985746617159799 0.40903755064450104 0.1226058349647138 0.08384883601209037
0 0.21964607514815826 0.4931943746419557 0.1405555673305279 0.06682496801399936
0 0.39097539396870334 0.7494069172899566 0.14285715547318462 0.07153064934754472
12 0.3726784540993825 0.6503881619589564 0.068776463156793 0.04589430267345431
10 0.5165739573055981 0.6460086499443207 0.1489153638206543 0.11219201201463562
9 0.7185977706142201 0.6231604012571854 0.1301653638206543 0.11202838001272682
8 0.5950197016523118 0.7726160559357302 0.16017858656782166 0.08573860001590852
13 0.7489416503528619 0.8212524559198219 0.10104498560030233 0.06804202267663584
5 0.43693767999621996 0.8356893152848659 0.07115080290255768 0.052162484006999674
7 0.22554218562123368 0.7914591519732739 0.06698413623589101 0.05212612133990877
3 0.2041566215534667 0.6916864186425921 0.05828704488701864 0.044240896005727136
4 0.37255286449498126 0.2505517939608654 0.112261919901155 0.0853204293443632
2 0.20658388761281746 0.5948295999761375 0.13587963944210663 0.055851105346908445