1 0.26875 0.11171875 0.08333333333333333 0.0703125
1 0.7427083333333333 0.3328125 0.10208333333333333 0.075
15 0.70625 0.1015625 0.15416666666666667 0.053125
15 0.65 0.2265625 0.15 0.05625
15 0.2375 0.26796875 0.13333333333333333 0.0484375
15 0.471875 0.4078125 0.14791666666666667 0.05625
11 0.6625 0.4859375 0.1375 0.096875
6 0.41875 0.52578125 0.075 0.0484375
16 0.23125 0.3890625 0.10833333333333334 0.075
0 0.24479166666666666 0.475 0.13125 0.05625
0 0.390625 0.74609375 0.13125 0.0609375
12 0.38229166666666664 0.6453125 0.06041666666666667 0.040625
10 0.5260416666666666 0.65390625 0.13125 0.1015625
9 0.728125 0.6484375 0.11041666666666666 0.103125
8 0.5916666666666667 0.78671875 0.14583333333333334 0.0734375
13 0.740625 0.84921875 0.08958333333333333 0.0609375
5 0.42916666666666664 0.8359375 0.0625 0.046875
7 0.22291666666666668 0.7734375 0.058333333333333334 0.046875
3 0.21041666666666667 0.671875 0.05 0.040625
4 0.4197916666666667 0.24609375 0.09791666666666667 0.0765625
2 0.221875 0.57578125 0.12708333333333333 0.0453125